within5A interfaces:
29 37 38 39 40 59 60 61 65 66 67 68 69 70 72 75 82 83 84 85 86 108 110 111 112 133 134 135 137 138, h chain
39 54 57 58 69 70 71 72 135, l chain


lib1 packing shell:
H: 28 29 30 38 39 40 41 57 58 60 65 66 67 68 69 80 82 84 87 112
lib2 packing shell:
H: 28 29 30  39 40 41 57 58  60  66 67 68 69 80 82 84 87 109 110 112
lib3a packing shell:
H: 2 27 28 30 39 41 42 57 58 59 60 61 65 67 69 82 84 87 89 107 108 109 110 112 133 134 136
lib3b packing shell:
H: 2 4 23 24 25 26 28 29 40 41 58 59 60 61 81 82 83 84 85 86 87 88 89 90 108 109 110 111 112 137
lib3c packing shell:
H: 2 28 29 30 41 42 57 58 59 60 61 65 67 69 82 84 87 89 107 108 109 110 111 112 133 134 136 137
lib4a packing shell:
H: 30 37 38 39 40 41 57 58 60 67 68 69 80 81 82 84 112
lib4b packing shell:
H: 28 30 37 38 39 40 41 57 58 66 67 68 69 80 82 84 87 89 112
lib4c packing shell:
H: 30 37 38 39 40 41 42 43 56 57 60 66 67 68 69 80 81 82 84 89 90 109 112 134
lib5a packing shell:
H: 28 29 30 38 39 40 41 57 58 60 66 67 68 69 80 82 84 87 112
lib5b packing shell:
H: 2 28 29 30 37 41 42 57 58 59 60 65 66 67 69 82 84 89 107 108 109 110 111 112 133 134 136 137
lib5c packing shell:
H: 28 29 30 39 40 41 57 58 60 65 66 67 68 69 80 82 84 87 109 110 112






cumulative library positions:
29 H NOTAA CP
30 H NOTAA CP
37 H NOTAA CP
38 H NOTAA CP
39 H NOTAA CP
40 H NOTAA CP
58 H NOTAA CP
59 H NOTAA CP
60 H NOTAA C
61 H NOTAA CP
65 H NOTAA CP
66 H NOTAA CP









